1000
35 87 31
70 93 6
35 71 80
27 6 1
67 88 33
91 65 22
13 98 74
89 80 24
59 30 79
100 61 33
10 9 17
60 52 78
94 29 22
27 56 28
28 46 55
18 22 25
97 83 99
61 85 22
100 97 2
32 98 7
16 66 96
52 44 12
5 5 86
41 31 52
41 58 27
22 41 17
51 22 21
23 35 44
59 75 32
91 9 77
43 54 4
72 9 77
66 96 69
82 20 52
31 43 35
81 8 37
78 53 78
23 58 58
15 81 62
82 28 71
40 58 61
92 38 94
91 59 33
96 10 58
45 54 78
46 13 67
81 30 41
49 60 88
60 24 94
27 65 77
82 56 91
57 58 89
94 13 95
48 69 67
83 41 63
87 37 94
16 5 23
34 14 7
37 77 96
25 60 20
69 18 21
76 70 22
34 26 6
27 61 19
58 86 97
55 12 25
22 95 30
29 36 86
76 27 10
7 95 21
21 84 62
46 13 17
39 81 80
55 98 32
100 89 79
37 92 57
39 12 84
80 15 95
52 91 16
77 23 24
28 44 77
4 1 83
59 78 24
6 23 99
78 23 25
45 62 57
91 86 25
37 43 86
11 32 65
56 57 34
84 95 42
58 58 81
75 31 59
10 33 21
46 100 80
82 79 96
99 58 92
41 26 27
17 24 45
40 67 34
89 80 48
76 84 67
78 71 68
54 13 86
66 16 67
10 32 14
11 73 54
13 21 19
48 19 14
63 90 6
61 55 7
47 92 81
42 73 40
42 67 86
25 43 87
59 22 76
79 20 6
93 61 47
77 65 16
99 97 98
16 86 46
95 88 7
20 46 63
75 76 37
45 83 96
87 5 14
81 40 43
17 89 70
89 37 94
22 42 25
81 58 33
5 95 26
100 26 16
28 14 70
97 40 45
100 91 95
97 24 78
57 10 21
2 100 54
100 89 96
32 10 75
38 73 58
91 63 85
36 65 62
59 96 91
57 87 8
66 15 25
61 38 36
17 69 21
31 46 91
8 59 6
14 72 37
2 93 86
54 70 59
93 37 34
52 56 84
25 17 18
74 73 98
33 60 68
18 95 60
85 7 21
88 17 98
13 78 5
4 62 87
34 9 32
100 76 79
100 28 10
15 14 85
22 64 65
42 12 84
69 62 92
32 74 85
100 84 72
97 96 54
60 5 38
28 75 45
39 72 57
53 48 15
97 40 88
57 76 73
0 57 27
63 43 23
57 75 18
92 4 28
5 36 8
4 90 64
40 79 88
80 53 38
84 63 23
31 37 19
5 97 10
55 82 52
24 29 11
97 58 73
39 85 37
88 56 9
13 64 55
90 22 23
66 96 69
91 48 60
96 46 59
97 37 34
67 89 59
95 61 13
74 24 4
34 85 73
1 81 66
7 78 53
28 9 52
55 83 24
45 19 56
34 21 80
4 45 66
50 20 90
100 1 1
64 16 62
95 59 36
79 91 11
54 86 32
11 72 92
39 5 38
3 75 98
34 92 25
93 62 88
95 11 94
85 70 9
20 60 5
75 52 73
42 7 15
11 60 98
88 98 54
67 94 53
54 28 35
100 54 94
36 42 44
81 88 84
84 58 56
53 100 79
21 99 3
74 13 7
95 85 18
100 31 11
75 71 84
33 56 65
31 47 82
25 24 95
11 92 53
56 91 37
0 65 91
51 66 33
15 70 53
7 54 41
7 52 70
14 59 83
36 41 40
25 63 58
22 21 46
33 44 96
54 93 10
10 28 72
72 98 89
5 92 68
55 68 37
58 85 42
17 8 18
71 75 25
40 47 81
63 97 5
13 28 46
15 81 30
79 87 63
42 25 39
6 68 91
23 70 19
87 37 39
52 27 3
69 74 98
51 9 46
41 9 44
76 85 40
20 73 91
0 15 62
100 68 14
65 77 76
63 5 13
44 65 58
28 62 38
53 48 96
77 83 32
53 90 67
98 87 25
6 56 93
7 38 80
46 100 56
68 23 92
94 6 97
40 9 35
78 56 13
28 89 30
92 31 9
57 28 81
1 12 64
47 66 68
71 28 11
70 29 55
20 62 88
91 77 63
43 86 20
55 80 45
31 86 25
80 94 17
79 6 30
66 69 9
36 61 83
62 67 78
11 5 82
76 78 55
30 57 67
33 39 73
93 54 6
30 5 55
25 18 17
97 10 91
55 36 81
52 58 41
77 88 1
60 38 13
12 7 78
32 68 96
37 29 63
57 52 31
1 73 59
67 56 15
45 58 69
95 53 33
94 7 87
0 55 55
53 77 48
51 52 94
3 98 22
64 20 30
23 7 3
4 95 82
59 72 79
27 23 13
4 86 31
86 23 47
91 35 47
41 87 80
71 83 38
87 20 40
56 1 93
88 64 68
37 62 67
35 9 73
79 12 10
59 31 96
2 76 15
55 99 81
0 54 4
5 4 81
68 13 87
31 57 62
35 68 35
78 22 46
57 48 78
46 38 10
73 79 96
67 23 25
47 85 3
36 98 30
97 44 64
25 61 69
85 96 27
37 24 17
6 27 73
70 35 42
17 31 57
3 66 73
80 78 67
29 94 95
23 24 41
96 2 72
38 18 100
52 20 71
91 96 80
86 75 33
81 16 88
12 83 57
12 59 63
34 64 3
93 68 55
47 88 70
76 82 99
16 43 68
2 64 93
18 28 91
31 9 89
52 39 2
65 19 26
70 100 38
81 14 29
23 68 11
79 29 41
55 82 21
19 13 36
7 25 48
72 15 93
97 18 34
96 31 25
98 4 46
79 100 64
27 5 38
58 99 46
67 14 93
82 86 16
91 24 30
24 98 37
78 28 15
50 36 93
55 84 13
76 23 47
33 29 79
12 39 71
31 10 68
56 43 8
29 71 99
37 13 100
60 98 27
71 76 48
25 23 43
61 65 100
22 4 96
37 3 58
63 47 47
50 65 61
16 81 80
65 89 98
1 23 57
16 20 69
85 2 99
51 82 15
1 74 53
54 12 86
48 48 69
18 13 17
59 83 100
61 56 2
97 10 17
77 41 62
33 20 79
34 59 57
55 94 47
24 57 38
12 88 91
11 97 8
43 47 33
96 23 25
16 79 40
39 68 89
16 74 2
3 82 67
73 5 80
23 76 96
100 55 38
14 98 61
47 53 21
57 75 37
83 12 56
96 100 18
22 88 73
88 40 84
82 32 14
2 94 46
60 4 61
2 35 88
8 7 32
18 75 3
42 8 52
77 83 58
7 13 96
65 39 45
67 67 62
100 9 27
8 87 8
2 48 25
30 86 56
26 63 84
14 65 87
67 58 20
65 77 89
13 47 81
34 10 100
25 76 48
70 15 34
73 60 73
19 8 1
7 52 33
95 33 26
59 60 85
5 66 37
19 87 86
50 78 61
40 31 94
66 89 30
13 82 4
35 8 16
6 54 76
73 35 23
3 40 45
14 63 94
82 97 70
72 53 57
13 55 55
65 83 43
27 86 68
90 48 65
5 47 9
23 79 47
8 64 34
39 94 64
17 46 54
12 8 16
52 72 19
5 77 3
84 53 47
10 5 43
16 46 80
60 68 69
93 92 92
57 38 52
12 24 3
65 88 97
8 78 93
17 36 76
35 45 55
48 86 21
44 7 12
18 89 10
58 12 24
34 16 89
54 98 4
44 52 32
37 73 10
26 91 40
13 35 36
19 80 12
64 96 55
83 15 78
50 22 86
2 67 55
1 54 73
34 44 71
98 69 74
20 60 75
1 95 53
62 90 75
75 46 17
9 3 8
21 80 63
98 6 75
11 99 88
85 74 65
74 35 91
99 77 4
49 73 97
88 55 34
75 23 60
66 26 38
52 90 42
1 69 27
75 56 53
1 45 6
53 3 4
78 3 72
98 39 27
85 12 5
37 87 64
45 12 15
49 18 95
100 91 18
19 53 6
46 60 37
27 97 67
6 90 18
85 73 70
50 96 59
53 89 74
14 10 10
92 10 71
82 77 39
73 9 85
6 74 68
57 71 100
78 84 95
95 20 58
37 54 52
100 91 42
29 81 85
32 71 93
78 12 26
9 78 90
78 12 41
95 23 15
89 99 82
98 85 38
33 61 4
100 37 76
55 58 79
29 21 89
91 41 56
91 47 20
99 13 4
22 34 52
75 93 5
25 65 34
61 9 64
36 98 27
31 20 6
42 67 14
38 8 35
71 28 4
56 30 6
52 69 42
8 31 78
12 85 59
100 70 91
87 78 17
16 20 13
29 2 60
51 65 58
13 63 44
14 81 78
41 98 74
20 94 40
22 89 58
99 3 95
95 95 17
80 66 44
52 27 39
40 87 59
16 96 54
65 48 46
65 77 35
47 2 34
93 94 28
5 34 58
19 77 72
54 18 72
66 19 66
89 48 39
14 30 25
79 67 41
73 43 35
86 54 55
28 16 5
56 92 59
100 27 67
47 68 48
98 23 27
84 79 48
100 23 20
1 52 5
35 73 75
19 95 1
10 38 38
3 19 75
39 5 87
42 65 78
42 4 54
83 77 98
61 30 32
33 69 55
61 11 61
87 66 72
0 20 21
41 62 75
73 94 6
94 53 82
33 36 11
0 39 48
18 61 15
53 76 77
90 98 72
98 29 77
24 100 35
49 22 17
64 70 73
62 59 95
89 41 20
81 38 96
99 91 5
16 15 64
68 88 5
28 43 83
79 88 11
34 78 66
81 64 70
40 29 7
88 17 100
38 87 35
1 7 59
76 47 70
77 76 20
48 21 33
13 62 100
16 12 2
16 81 32
74 3 72
75 69 6
85 71 33
14 78 60
14 19 22
4 84 60
88 98 52
22 20 89
93 21 57
39 62 19
80 74 70
14 46 40
84 90 42
91 5 25
33 6 28
24 24 77
4 78 15
38 6 39
11 83 30
50 45 96
36 93 63
47 8 15
60 2 68
39 68 98
67 7 97
35 99 22
52 71 59
11 10 80
25 47 39
48 59 23
57 14 13
48 38 28
70 44 46
84 58 8
29 16 45
17 81 100
38 18 74
47 25 9
31 40 41
16 66 92
67 10 77
61 29 41
46 25 23
61 88 67
74 9 58
98 100 65
72 84 72
29 72 80
88 58 41
8 61 41
84 69 3
9 67 78
89 84 47
2 42 20
2 36 39
76 5 76
2 9 3
89 42 1
4 87 25
51 16 83
50 66 61
81 53 85
55 3 20
83 98 82
19 78 93
19 38 41
77 21 90
83 83 38
99 70 27
36 69 53
10 22 75
46 69 58
7 84 93
43 97 35
19 32 69
62 48 83
84 48 1
81 38 43
71 81 41
39 62 100
0 44 99
13 9 38
35 62 33
55 2 71
71 52 15
67 60 11
76 87 22
89 86 90
66 17 16
17 43 82
72 96 80
57 41 42
62 87 92
90 16 86
8 61 3
98 28 93
97 81 53
99 8 47
88 76 98
92 40 17
100 63 3
4 11 83
79 46 84
48 62 3
13 94 70
35 35 60
100 45 18
12 55 55
86 89 75
7 55 85
38 91 22
73 44 1
20 28 98
92 33 47
23 3 100
10 72 100
4 47 5
55 77 36
86 98 75
29 37 5
83 62 4
36 64 15
38 92 85
63 93 100
0 32 79
17 42 4
51 36 99
53 97 9
35 29 87
2 21 41
43 82 18
46 71 15
25 69 7
39 43 22
28 74 83
61 18 70
3 96 47
34 92 69
100 31 47
51 39 32
49 78 52
29 11 42
99 61 22
17 78 67
38 4 1
43 41 16
25 54 15
10 87 38
72 45 65
89 74 71
67 43 20
92 80 87
29 23 13
84 38 75
91 74 34
33 12 86
96 33 27
69 3 81
60 57 42
52 29 5
96 80 66
7 21 17
62 17 11
96 95 29
66 68 37
58 16 65
39 42 75
84 30 23
21 66 14
93 24 72
54 31 99
34 78 21
36 4 21
31 8 81
7 29 92
1 87 71
44 5 97
67 54 42
84 40 70
25 12 74
82 19 81
6 45 79
67 48 15
74 32 16
44 19 7
43 30 26
7 62 58
93 81 97
20 2 14
90 67 82
86 14 22
53 5 47
61 95 87
13 46 10
71 59 9
30 60 84
96 28 17
100 74 54
84 32 46
15 73 20
75 2 67
37 56 98
67 3 26
16 58 42
81 3 94
50 82 26
23 60 91
99 99 99
56 65 95
28 58 46
70 70 72
54 7 5
91 63 31
68 94 26
83 56 97
20 73 83
54 72 3
93 40 71
23 8 13
98 85 64
44 71 96
21 6 39
8 100 13
84 63 8
53 66 72
76 77 73
82 35 76
5 20 37
33 17 14
2 77 57
80 60 28
24 89 95
34 74 94
43 72 63
0 68 90
39 39 55
91 88 3
53 86 23
100 87 47
48 64 69
26 20 90
40 76 92
73 81 87
82 65 54
30 74 67
76 41 73
35 64 17
80 46 30
6 10 20
74 32 14
28 13 37
86 82 81
94 62 11
67 43 16
5 85 97
35 72 76
32 14 83
60 81 83
17 63 22
43 82 22
19 71 93
77 28 9
84 98 25
8 3 76
8 67 44
70 72 24
75 55 81
85 84 21
71 86 34
56 87 92
48 77 79
64 15 25
96 67 6
21 57 20
91 83 54
48 100 27
12 98 95
11 45 87
41 48 10
9 100 8
30 65 81
70 88 73
20 56 69
51 72 5
23 21 97
71 75 75
4 99 34
55 48 15
54 69 77
42 62 90
37 17 62
33 35 34
